139.026006
57.875382
333.386886
214.663392
2185.156950
858.823096
98.527261
362.388881
51.929564
1281.004523
42.279363
148.882773
86.233154
41.271610
451.707851
245.515150
198.701322
73.309978
63.414009
1465.466364
853.326578
315.151510
2132.053237
159.159691
353.516581
866.735559
705.256898
51.112076
94.782285
195.809708
50.275823
1423.412653
77.164526
79.215837
137.639745
821.178482
121.821514
423.933124
1143.180141
689.962618
52.371718
1857.768865
579.550451
2195.901919
218.558176
3888.545154
52.090466
759.976813
1546.324258
407.955771
