-107.905103
111.290194
88.434811
-49.411199
-10.239880
58.389812
-36.453288
82.643531
-142.100076
3.698404
-101.352538
93.106410
110.186819
25.541939
66.599559
-94.409044
79.144745
60.114230
-71.327597
-12.953846
-1.466249
89.764701
34.076964
-53.442846
-69.196834
-62.025693
-8.717774
-37.870311
24.145933
-24.266236
-50.611321
-45.341841
-103.092760
119.191126
21.190225
-33.665683
-90.299980
-4.512057
43.446010
48.010141
-135.083001
-39.923439
57.053954
10.530534
-9.792791
16.396503
127.440311
56.491419
13.711318
77.885935
