30.573206
82.654351
-2.562425
87.144323
33.399600
23.990610
116.551873
24.772954
-4.848349
-51.427753
-109.394088
58.998251
61.355578
-147.770670
-45.178635
-20.339361
64.768881
-116.513148
115.420816
45.685693
-63.288874
5.838149
10.705887
-94.267120
-52.615587
-10.264825
-68.009562
-137.592858
-120.885381
99.758129
-134.020427
-16.863507
78.400698
48.574616
-110.421268
54.872479
-72.685411
-82.025750
33.618599
49.785147
-43.459988
3.715823
-46.912620
-33.144859
-99.211126
5.479664
62.815384
35.121630
-43.735985
-29.146808
